Processed 10 lines.
Generating initial population
Food source: 0
[ 3  1  2  4  5  8  6  7  9 10  1  2  1  2  1  1  3  4  4  2]
chamei recursivo
2
[ 3  1  2  4  5  8  6  7  9 10  1  2  1  2  1  1  3  4  4  2]
[3]
3
[4, [6, 7, 8], [3], '37', '10', '13', '5', '6']
chamei recursivo
2
[ 3  1  2  4  5  8  6  7  9 10  1  2  1  2  1  1  3  4  4  2]
[3]
4
[5, [6, 10], [3], '38', '10', '13', '8', '11']
chamei recursivo
0
[ 3  1  2  4  5  8  6  7  9 10  1  2  1  2  1  1  3  4  4  2]
[0]
7
[8, [0], [1, 4], '30', '4', '12', '10', '5']
chamei recursivo
3
[ 3  1  2  4  5  8  6  7  9 10  1  2  1  2  1  1  3  4  4  2]
[3]
7
[8, [0], [1, 4], '30', '4', '12', '10', '5']
chamei recursivo
2
[ 3  1  2  4  5  8  6  7  9 10  1  2  1  2  1  1  3  4  4  2]
[3]
3
[4, [6, 7, 8], [3], '37', '10', '13', '5', '6']
